Matriz A  0,00   0,00   0,00   0,00   0,00   0,00   0,00   0,00   0,00   0,00 
  0,00   0,00   0,00   0,00   0,00   0,00   0,00   0,00   0,00   0,00 
  0,00   0,00   0,00   0,00   0,00   0,00   0,00   0,00   0,00   0,00 
  0,00   0,00   0,00   0,00   0,00   0,00   0,00   0,00   0,00   0,00 
  0,00   0,00   0,00   0,00   0,00   0,00   0,00   0,00   0,00   0,00 
  0,00   0,00   0,00   0,00   0,00   0,00   0,00   0,00   0,00   0,00 
  0,00   0,00   0,00   0,00   0,00   0,00   0,00   0,00   0,00   0,00 
  0,00   0,00   0,00   0,00   0,00   0,00   0,00   0,00   0,00   0,00 
  0,00   0,00   0,00   0,00   0,00   0,00   0,00   0,00   0,00   0,00 
  0,00   0,00   0,00   0,00   0,00   0,00   0,00   0,00   0,00   0,00 
Matriz B
  0,00   0,00   0,00   0,00   0,00   0,00   0,00   0,00   0,00   0,00 
  0,00   0,00   0,00   0,00   0,00   0,00   0,00   0,00   0,00   0,00 
  0,00   0,00   0,00   0,00   0,00   0,00   0,00   0,00   0,00   0,00 
  0,00   0,00   0,00   0,00   0,00   0,00   0,00   0,00   0,00   0,00 
  0,00   0,00   0,00   0,00   0,00   0,00   0,00   0,00   0,00   0,00 
  0,00   0,00   0,00   0,00   0,00   0,00   0,00   0,00   0,00   0,00 
  0,00   0,00   0,00   0,00   0,00   0,00   0,00   0,00   0,00   0,00 
  0,00   0,00   0,00   0,00   0,00   0,00   0,00   0,00   0,00   0,00 
  0,00   0,00   0,00   0,00   0,00   0,00   0,00   0,00   0,00   0,00 
  0,00   0,00   0,00   0,00   0,00   0,00   0,00   0,00   0,00   0,00 
